85.63
90.83
92.95
93.77
94.56
95.06
95.56
95.91
96.1
96.28
96.38
96.68
96.71
96.89
96.93
97.21
97.05
97.3
97.27
97.41
97.53
97.45
97.68
97.73
97.75
97.69
97.68
97.89
97.83
98.01
97.96
98.02
98.11
97.98
98.08
98.11
98.14
98.25
98.23
98.15
98.26
98.24
98.25
98.27
98.32
98.37
98.35
98.35
98.36
98.31
98.37
98.38
98.36
98.4
98.4
98.46
98.5
98.44
98.43
98.36
98.48
98.44
98.49
98.52
98.5
98.49
98.49
98.48
98.58
98.6
98.59
98.67
98.65
98.7
98.58
98.65
98.69
98.69
98.67
98.62
98.64
98.67
98.64
98.67
98.68
98.62
98.72
98.7
98.65
98.66
98.74
98.7
98.71
98.69
98.76
98.71
98.79
98.76
98.79
98.8
98.79
98.79
98.79
98.84
98.76
98.78
98.85
98.78
98.69
98.77
98.76
98.71
98.77
98.76
98.75
98.78
98.72
98.86
98.81
98.81
98.8
98.75
98.84
98.82
98.88
98.87
98.84
98.83
98.87
98.83
98.85
98.86
98.85
98.86
98.89
98.92
98.84
98.87
98.87
98.87
98.85
98.8
98.85
98.8
98.81
98.87
98.85
98.93
98.84
98.9
98.92
98.81
98.81
98.84
98.87
98.85
98.91
98.9
98.83
98.8
98.86
98.82
98.84
98.87
98.92
98.88
98.95
98.91
98.95
98.92
98.87
98.84
98.87
98.91
98.9
98.85
98.88
98.86
98.86
98.91
98.89
98.84
98.83
98.85
98.88
98.9
98.89
98.87
98.86
98.9
98.88
98.86
98.86
98.86
98.87
98.92
98.9
98.81
98.77
98.89
98.86
98.9
98.84
98.86
98.88
98.92
98.87
98.86
98.83
98.85
98.95
98.89
98.95
98.93
98.87
98.88
98.93
98.91
98.84
98.93
98.88
98.93
98.85
98.89
98.88
98.9
98.88
98.84
98.88
98.96
98.92
98.97
98.93
98.91
98.94
98.89
98.82
98.86
98.86
98.9
98.95
98.91
98.9
98.93
98.94
98.9
98.92
98.9
98.95
98.91
99.01
98.95
98.95
98.99
98.96
98.95
98.9
98.91
98.92
98.91
98.92
98.94
99.0
98.9
98.9
98.98
98.87
98.95
98.91
98.94
98.97
98.93
98.9
98.95
99.0
99.01
98.96
98.9
99.0
98.97
98.98
98.96
98.94
98.97
98.99
98.92
98.95
99.01
99.06
99.01
98.99
98.99
98.95
98.94
98.93
99.0
98.95
98.96
99.01
98.98
