0.7471083271980286
0.3617115791320801
0.2450677242398262
0.20871979176998137
0.1810076060116291
0.1614492790699005
0.1450396684139967
0.13279575314819814
0.12666088336110115
0.1184529665619135
0.11412903777211905
0.10621794572360814
0.10076443943195044
0.09764276390001178
0.09390188949964941
0.09078682279363275
0.09025724327992649
0.08689346734248102
0.08552905676290393
0.08065216120798141
0.07719715734068304
0.07759096100572496
0.07481367895584554
0.07383978474317118
0.07262473380472512
0.07253110261913388
0.07053662784546613
0.06745851567806677
0.06647654830915853
0.06393868473824113
0.0628990261234343
0.06351405887361616
0.060464963870262727
0.06302181701068767
0.060847984422650186
0.05936360238809139
0.058787337590986866
0.05588285574056208
0.057382120611332355
0.05603880429721903
0.05703535032831132
0.05547290708394721
0.05557120221143123
0.05481783872055821
0.054539454224170184
0.05470706685117912
0.053087758467462845
0.05323257846425986
0.05401466581439599
0.05378990126448916
0.05214704451992875
0.05065542040385772
0.049724652911827434
0.050074687194428404
0.04769013161952607
0.0491887180968537
0.04854712684047408
0.04851319526841398
0.04887160713468911
0.04828162433613325
0.049027065584249796
0.04688773721307516
0.04733625814195257
0.04545220046103932
0.04686403366408776
0.04403373699052027
0.045650962270679885
0.046514975471666546
0.04544592611086555
0.044854493659350556
0.043517296057729984
0.04396613074082416
0.044298965178750226
0.04402468698667945
0.044194461604359095
0.04262308565848507
0.042983062962262196
0.04186223616523203
0.043101112171215934
0.04332175941508613
0.042480401859269476
0.04242699577913736
0.04254326557210297
0.04315749117190426
0.04260298350485391
0.04071366268619895
0.04206835471620725
0.04220219951322069
0.04326700611229753
0.04198813604520692
0.04117030989565537
0.04059364421524806
0.040809252313670004
0.04186163296503946
0.03941077398667694
0.03960587578061968
0.0391453361867927
0.04004592821711558
0.03914198549023131
0.040692357512048326
0.03904868270928855
0.040054695081617686
0.03876168842275802
0.03847587223916489
0.03912036106942105
0.04080385784674145
0.03895465486237663
0.03843136218639848
0.04018974396795966
0.041391063463343016
0.04098472255560336
0.040648022924154065
0.039423857432825025
0.04024243582849158
0.041710648635719556
0.03858437782568508
0.03982335681543773
0.03789148279625515
0.03808613071764412
0.03787571567418636
0.041196767669319526
0.039493830472871194
0.03963396182582364
0.03996197461281263
0.04147716063025
0.03902794338801759
0.039881959316987195
0.04011279169924674
0.037791352249938064
0.04006679702284455
0.03880651599818375
0.03926314650601125
0.03912940819354553
0.038354749115265444
0.03733896487515594
0.03666830669394694
0.0376744611219241
0.0396687348081643
0.039355502888011686
0.038970367792173055
0.039800210875182526
0.04123419557770976
0.03932764873716515
0.039817723489126364
0.04081282234464743
0.03791369394493231
0.03820087935930351
0.037341144448563866
0.03799829181435052
0.037600018864910816
0.03728149175651924
0.0367207915075458
0.0367741649812815
0.037428808067504725
0.03690259740604088
0.037909527557567345
0.03767276423397707
0.03682463643849187
0.03697188165755069
0.03755693907008099
0.038773643044076746
0.038210245699671214
0.03767917983536608
0.037042616631722196
0.03561725967951934
0.03814500426480954
0.03597400246160105
0.03910494851594558
0.03797659765134158
0.038466677213474756
0.03762007926574006
0.03630249464485678
0.03750992414338107
0.03582705170752306
0.03641075169098622
0.0377982257980766
0.03810275112868694
0.03855100706895464
0.03808115999391593
0.03810018344555283
0.04017761337869306
0.037547760917100825
0.037349896266771244
0.03750798711077368
0.03736002004389447
0.037219428438451725
0.03618483368839079
0.036995482096853084
0.036476602056335836
0.037968727761325136
0.036919486143355607
0.037570636826308325
0.037312417016971446
0.037727476197032955
0.0371428219460533
0.03725952259217011
0.03690579648666753
0.03841316747560195
0.039258346336663814
0.03661300025805249
0.03775341005968366
0.036655558539688354
0.03724483664699219
0.03730960758456495
0.03714337474073109
0.03513708226761955
0.03620149514363438
0.035982621858225323
0.03771531661109766
0.036694071594125126
0.037039896106440574
0.03705520935419481
0.03725573613589222
0.03834891927258432
0.03883884340284858
0.03645334163791704
0.03678458666835359
0.0368761183630355
0.036346432087454014
0.035750351393128224
0.03597050117889594
0.03577465598458075
0.036298428590812545
0.03547119563529268
0.035186403501292804
0.035781676036448336
0.036098530272571955
0.03608082923175825
0.036580675307695494
0.03527258473885304
0.034850705912095145
0.035040060395526235
0.03540893635870598
0.03689136817420076
0.03609949092886527
0.03575928169518884
0.03668293751511956
0.03552255137266766
0.03530255352448876
0.035678059169719924
0.03616477631921298
0.03504461525850202
0.0372769623707296
0.036005013785689516
0.036112255713972266
0.03768907026757151
0.03740925184114021
0.03788251541912614
0.03575442886362507
0.03601020744823618
0.0346506218530747
0.0341879418109078
0.035108151281157914
0.035099333088373534
0.03586142808748409
0.03535558436063147
0.035728457083379905
0.036606014414926176
0.036280933090145115
0.03600808053594956
0.03573409953477239
0.036162562067297406
0.03583873945010128
0.03639769445446582
0.03697343645711662
0.03637203823448508
0.036314687389295434
0.034767231463032656
0.03655085249370022
0.03403955199659977
0.03445773125474516
0.03638218303317553
0.035606860486784714
0.03457533443751745
0.035409007640111664
0.035083621355432845
0.03604245721148909
0.03696005890111919
0.03515213412223529
0.03644399092753738
0.03702505000092642
0.036960931026986506
0.03662399355969974
0.036228955214690356
0.03552896958519122
0.03537142239847162
0.03469919731415575
0.03463458394572372
0.033339707455580354
0.03406855063246185
0.03399087201507646
0.03498182643918262
0.03600949799218797
0.03555005169245414
0.03652122247579245
0.03508619528511772
0.0348198804387619
0.033924700102527273
0.033965697628949416
0.03455970692148549
