48.29
69.39
80.03
84.92
86.91
89.13
89.55
90.83
92.09
92.65
92.69
93.47
93.42
93.85
93.99
94.47
94.55
94.88
95.03
95.22
95.44
95.54
95.38
95.61
95.72
95.66
95.88
96.12
95.99
96.07
96.22
96.25
96.33
96.44
96.52
96.58
96.7
96.69
96.71
96.7
96.77
96.91
96.93
96.82
96.84
96.97
96.95
96.96
97.14
97.13
97.25
97.23
97.24
97.19
97.33
97.37
97.42
97.36
97.4
97.36
97.53
97.53
97.39
97.49
97.54
97.57
97.5
97.53
97.62
97.64
97.6
97.76
97.73
97.61
97.72
97.66
97.75
97.82
97.75
97.8
97.76
97.78
97.89
97.81
97.82
97.89
97.89
97.9
97.8
97.94
97.96
97.94
97.95
98.0
97.98
98.02
98.05
98.02
97.98
97.98
98.1
98.08
98.01
98.1
98.11
98.15
98.13
97.99
98.1
98.12
98.1
98.08
98.02
98.13
98.0
98.11
98.09
98.14
98.16
98.15
98.17
98.22
98.19
98.13
98.17
98.24
98.22
98.23
98.31
98.29
98.34
98.32
98.29
98.31
98.26
98.26
98.27
98.26
98.27
98.28
98.22
98.27
98.29
98.25
98.26
98.28
98.36
98.3
98.31
98.39
98.32
98.39
98.27
98.36
98.34
98.35
98.4
98.33
98.42
98.32
98.38
98.4
98.41
98.35
98.34
98.42
98.41
98.43
98.5
98.55
98.51
98.49
98.42
98.42
98.48
98.48
98.54
98.51
98.41
98.47
98.52
98.54
98.44
98.49
98.49
98.52
98.54
98.51
98.5
98.51
98.46
98.54
98.55
98.56
98.59
98.52
98.55
98.57
98.55
98.56
98.54
98.46
98.54
98.5
98.51
98.52
98.46
98.55
98.48
98.47
98.47
98.51
98.55
98.47
98.56
98.51
98.58
98.55
98.53
98.56
98.61
98.64
98.63
98.63
98.5
98.52
98.61
98.61
98.59
98.66
98.61
98.51
98.61
98.54
98.55
98.66
98.63
98.6
98.61
98.66
98.62
98.61
98.62
98.67
98.57
98.56
98.63
98.69
98.59
98.56
98.65
98.63
98.61
98.62
98.65
98.73
98.66
98.66
98.74
98.69
98.76
98.74
98.69
98.71
98.69
98.69
98.71
98.72
98.71
98.66
98.72
98.71
98.74
98.75
98.75
98.64
98.72
98.73
98.71
98.74
98.76
98.6
98.65
98.77
98.69
98.64
98.69
98.68
98.64
98.73
98.75
98.61
98.78
98.73
98.81
98.7
98.72
98.74
98.73
98.8
