2.213660999298096
1.8002306814193725
1.0891972169876099
0.7218074418067932
0.5381091225624084
0.4594443953037262
0.38768383140563967
0.3412930873394012
0.3018781079530716
0.28919735717773437
0.2599915793895721
0.23422333896160125
0.23937447094917297
0.2215517772912979
0.20713945469856263
0.19815667049884797
0.18380729978084565
0.17801946848034858
0.17064927550554276
0.1656598144352436
0.1568224292397499
0.15271755013465882
0.1506673414647579
0.1433699084341526
0.13962534027695656
0.13930749393105507
0.13846216357648372
0.13091150830090045
0.13015213013887406
0.12619806051105262
0.1211029278025031
0.12186406086683273
0.12072730120718479
0.11577612046301365
0.11276455755233765
0.11302426162362099
0.11124522706866265
0.10884365169852972
0.10701210355609656
0.10628241016417742
0.10431440037116409
0.10455064330101013
0.10268014186024665
0.10294278752356768
0.10396104664206504
0.09998627907633781
0.09776592520065605
0.09711305893659591
0.09323283329978585
0.09278034064806998
0.09200621535927057
0.08912632985971868
0.08966020787097513
0.09025951877310873
0.08666921535730363
0.08633247623108327
0.08575370800048113
0.08534952434115112
0.08468921742588281
0.08228501541446895
0.08155112536698579
0.0815615023124963
0.08269889328889549
0.08053251647315919
0.07892379742134363
0.07861228003874421
0.07929007010757923
0.0799573163922876
0.07763471971284598
0.0781210291966796
0.0763314813488163
0.07572417683266103
0.07465065419711173
0.0761133589880541
0.07541394819188862
0.0760008190304041
0.07432747601699084
0.07371618828140199
0.07402220398467034
0.07168255709381774
0.07351499370690436
0.07107883043759503
0.07108622641013936
0.07165034484509379
0.07076171166785061
0.0717147066985257
0.06935735323596745
0.06988259024987929
0.07087380060432479
0.06771846670187079
0.06812009954974055
0.06768356771860272
0.06925454798238352
0.0669526719761081
0.06794174470053986
0.06488606149293483
0.06588682632204146
0.06430585216111503
0.06618174248370343
0.06517191922655328
0.06440796795058995
0.06402620116248726
0.0643137884492986
0.06386272624125704
0.06322158401077613
0.06506707738679833
0.06234687697589397
0.06436036622812971
0.06307333623054437
0.062339906614273785
0.06267428120421245
0.061540247351257134
0.06225576606127434
0.06310736162485554
0.061858274141699074
0.06114193001273088
0.06150672444938682
0.059965601312648505
0.05954189000595361
0.05889963309117593
0.06112888125684112
0.05926163393869065
0.05836290568569675
0.05891240482586436
0.059398633811529725
0.05741238637119531
0.05678350730827078
0.056765146966371686
0.05771827820953913
0.05539397566039115
0.0547381543295458
0.05560615102760494
0.05535126484674401
0.05508247030312195
0.05594083973420784
0.05608748570010066
0.05643927460010163
0.0554243789500324
0.0571357301379554
0.054916549072461206
0.053550960842100905
0.05383913884761277
0.05545932196595241
0.05519297001559753
0.05376060352027416
0.05423835837789811
0.054081177978753114
0.054331755805155264
0.054772378397197466
0.052666101906728
0.0531900169076398
0.0522111197035294
0.0538088006477803
0.05130559362566564
0.05372265999759548
0.051441877606045454
0.052364357635681515
0.05121369414818473
0.05114176342710853
0.05286010667788796
0.05017184326117858
0.05059228446506895
0.05084351297726389
0.05173704689685255
0.05223326052427292
0.05037271156210918
0.0508918796274811
0.05039321772579569
0.049855864574434236
0.04992494643162936
0.05015334340138361
0.050107009348529394
0.051906470008101314
0.05311418535748962
0.05021439066124149
0.05042257903071586
0.04981589235768188
0.04958175761081511
0.05077330432508607
0.04995388675555587
0.05097607692037709
0.048308252874936446
0.050611723034468016
0.049583555033546875
0.049111887492705134
0.04829964579474181
0.04735211622226052
0.04897766473451629
0.048937714556371796
0.04836096997938585
0.048114379813149574
0.04753779781867051
0.047360375107382426
0.04706119189162273
0.04680499018218834
0.04735598164719995
0.04782239552265964
0.0472251573466463
0.04756943273450015
0.046732385350763794
0.04708097981738392
0.04705390404686332
0.045686806867201814
0.04605794619671069
0.04846324390533846
0.047324160511698576
0.04770340802147985
0.04599125842871144
0.04709680973715149
0.04735936187226325
0.04807842826547567
0.047982852712552995
0.04593961450502975
0.04630927509071771
0.04511399358459749
0.04586192352480721
0.04679702895201044
0.0473468876879022
0.045843040493538136
0.04600685607334599
0.04565542418238474
0.0448959586331388
0.044895690089697016
0.04434605278905947
0.04695022354137618
0.04625914646110032
0.04524214972500922
0.045711993962829
0.044908398014237176
0.042073670153832066
0.04348464894033968
0.04576554237946402
0.04392522767363116
0.0445020803340245
0.04505339080238482
0.042987194669956805
0.04333819028623402
0.043713291655504145
0.04306079597997013
0.0432822737784707
0.044083420524164106
0.0431045194795588
0.0444222264881013
0.042555488437321036
0.04378884096883703
0.04360718461740762
0.04305914706848562
0.042561984073848
0.04298570546072442
0.044847854910721074
0.04287577808711212
0.04350757867065258
0.04288195208311081
0.04325180031908676
0.042206390360789374
0.04147828186363913
0.04289026531116106
0.04281461372466292
0.040879481923091224
0.04103088163207285
0.041439456623839216
0.04055490982937626
0.04198184180483222
0.04177723045585444
0.04289769174503744
0.042699463903356806
0.041330819729203355
0.041688362381630574
0.04118184645362198
0.0417492716607987
0.04103665307732299
0.04100384970295708
0.03977052261302015
0.04000173398454208
0.04096202868311666
0.040832010217290375
0.041309829697513484
0.04143064034760464
0.04237071436820552
0.04063807639179286
0.040539490313525314
0.04215359123346862
0.04280668910878012
0.042584540059941355
0.041566221475240306
0.042421579226187896
0.0410039564901148
0.0416297334370669
0.04250068777280394
0.04073207766448613
0.04053075826885179
0.04234733792869374
0.03909074880820699
0.03960556655416731
0.03958436642221641
0.0412340876220027
0.04158702786891954
0.039311573591129856
0.04003188590938225
0.04027397586057196
