93.19
95.61
96.42
96.86
97.41
97.48
97.63
97.87
98.01
97.99
98.12
98.2
98.27
98.4
98.32
98.3
98.28
98.39
98.52
98.51
98.53
98.57
98.54
98.55
98.54
98.67
98.68
98.61
98.62
98.71
98.7
98.71
98.68
98.67
98.62
98.71
98.69
98.7
98.71
98.81
98.81
98.79
98.74
98.76
98.74
98.76
98.79
98.8
98.82
98.8
98.86
98.9
98.89
98.86
98.87
98.86
98.83
98.89
98.84
98.85
98.89
98.92
98.86
98.86
98.88
98.94
98.89
98.94
98.87
98.89
98.87
98.85
98.85
98.92
98.88
98.84
98.86
98.87
98.94
98.86
98.85
98.86
98.89
98.87
98.92
98.92
98.96
98.96
98.94
98.93
98.92
