0.2780255496263504
0.14689495508521797
0.12020051188962534
0.10919824759785551
0.09868592557291267
0.09232840725763235
0.08833731248680851
0.07854537293406902
0.07938440589015955
0.07523641674096435
0.07042684851919258
0.07000583842328778
0.06777127972540438
0.06125077299945915
0.06355170891557828
0.06914483328144179
0.06373920031063063
0.06082932021068409
0.06017674534613507
0.05753403792883037
0.057389712889761725
0.05922023766072189
0.05939166397039262
0.05817243473762019
0.058094591318617314
0.05821481703106813
0.05584149269349036
0.058263182399750625
0.05626498295185006
0.05478248087435686
0.05650411042724559
0.054868414079896864
0.05565402548536349
0.052157235470493876
0.05350609058471298
0.05059926474063286
0.053554765693549736
0.05291161119155131
0.05248551331994331
0.05178800911932756
0.05262681775657564
0.052157270125699824
0.052729472829710584
0.050760950614454625
0.051508797949503776
0.0510027267729165
0.052657860457011284
0.04865792556858619
0.048790392053308276
0.05025413590731182
0.05153578934900686
0.049024638793936356
0.047617100994519386
0.04942242102655016
0.04771661541298656
0.04864002365149968
0.04919426246391904
0.04783441054118714
0.05059261450712427
0.04819006298169957
0.048226001573269034
0.04617096085613512
0.048703074068492495
0.04726089029338289
0.047422255474419396
0.04738664061635962
0.0482117947654271
0.04558477048425336
0.047174855797100394
0.0501219050050488
0.04639612761434277
0.048270230995495295
0.04717545423851932
0.04820492235497429
0.046504863062725554
0.04768658227857172
0.0475567351543478
0.04702279940742109
0.045829164343655235
0.04895976339381667
0.04541299395194344
0.045518790558582524
0.04587027291496315
0.04566166919040928
0.046357399690506985
0.04422016975223613
0.046082307260922765
0.045964424153099995
0.045027299158886175
0.04629893583142464
0.04590673039299188
