86.36
92.12
94.14
94.97
95.59
96.03
96.27
96.54
96.68
96.67
96.9
97.08
97.21
97.3
97.4
97.51
97.51
97.66
97.71
97.78
97.77
97.82
97.88
97.96
97.92
98.05
98.05
98.09
98.12
98.2
98.17
98.16
98.26
98.26
98.25
98.32
98.27
98.33
98.31
98.31
98.34
98.42
98.42
98.42
98.39
98.4
98.47
98.45
98.53
98.45
98.47
98.46
98.47
98.5
98.52
98.55
98.59
98.56
98.53
98.58
98.54
98.61
98.56
98.62
98.66
98.65
98.65
98.7
98.68
98.68
98.69
98.74
98.65
98.66
98.67
98.71
98.66
98.71
98.66
98.67
98.67
98.7
98.7
98.71
98.71
98.71
98.77
98.77
98.74
98.75
98.8
98.74
98.76
98.71
98.77
98.76
98.77
98.8
98.82
98.81
98.77
98.73
98.81
98.82
98.77
98.81
98.83
98.82
98.84
98.86
98.81
98.84
98.83
98.82
98.85
98.77
98.85
98.87
98.83
98.88
98.89
98.82
98.83
98.87
98.83
98.85
98.86
98.86
98.84
98.88
98.83
98.88
98.89
98.93
98.86
98.86
98.9
98.86
98.89
98.9
98.84
98.9
98.87
98.87
98.86
98.8
98.89
98.86
98.81
98.89
98.9
98.96
98.95
98.94
98.94
98.92
98.95
98.97
98.95
98.94
98.98
98.95
98.99
98.95
98.92
98.94
98.95
98.93
98.96
98.92
98.98
