0.6750259318351746
0.28882422947883607
0.2006055958777666
0.16314336882382632
0.14280567222237586
0.12895961666852235
0.11951661025732756
0.11246115790009499
0.10529483402892947
0.10415873549506069
0.1001600431584753
0.09393085574451834
0.0921301078222692
0.09103176879771054
0.08613804991394282
0.08410354986879974
0.08345732105467468
0.07861739300694316
0.07869403533414006
0.07760639800713398
0.07519294742159545
0.07526770181218162
0.0734957101280801
0.07045632753302343
0.07011662855916656
0.06741100919786841
0.0653648468464613
0.06677410964858718
0.06483637790693901
0.06544459232320078
0.06333755347994156
0.06511569393621758
0.061388455528579654
0.06054793882127851
0.05903052767624613
0.05822683625110658
0.05827442719221581
0.05860407338915393
0.059292454059200826
0.05583552234980743
0.05637713172392687
0.05695372225698084
0.05485666880040662
0.05558246455838671
0.05471771842385642
0.05556579392184503
0.05472605185183929
0.0524788926337962
0.05069699225020595
0.05321612305142335
0.05493585618227953
0.051830128859574325
0.05185415050102456
0.0513588923411502
0.0484313855820219
0.049158924622635825
0.048269974710899985
0.0492235267426644
0.04975982967515884
0.04704341465503094
0.04630846851355164
0.047106974906037796
0.04721701590181037
0.045390597762810646
0.04556232290769403
0.045942327160286366
0.046516260839268214
0.04645172219380038
0.04359578500557109
0.04618611817063356
0.04587353068231896
0.04381519210906117
0.04621631493619498
0.04576609697933891
0.044958955386186425
0.043566195587301626
0.0444722462882608
0.0438812731992497
0.0445176546012226
0.044547387642039395
0.04388363692272833
0.04314554280890443
0.04375694533698261
0.04291443246122508
0.04322068839121639
0.04139493012057501
0.0416998499233865
0.04288872748816066
0.042565609759390645
0.04154432121665159
0.04118896435241914
0.043310668447500214
0.04237868306469463
0.04311517252326485
0.04273629373723525
0.04273321483943
0.042413107920524634
0.04013087642254832
0.0413057731994937
0.041095087762596086
0.04129921323422714
0.04093329808440103
0.03995379520394054
0.04076996718915543
0.04165397616742921
0.04069386335087038
0.039974381237013586
0.041053668442960045
0.04004615994055057
0.03962044110905772
0.040040561223812984
0.0401945632826777
0.03948451603620342
0.041275674298732336
0.03929689605312597
0.04064939587188928
0.03796045056224684
0.038550392180507334
0.03876418127740908
0.03888250891729258
0.03965617153529238
0.04073735936956145
0.03959354626583954
0.0389407932660808
0.039867743001590135
0.03850043626596307
0.04031041776223683
0.03950342174951948
0.03990977135012472
0.03860786922317602
0.040332634677582246
0.039744034631692196
0.038381424540934676
0.037348361752574784
0.038413849552617466
0.03780145258337616
0.036753406931029166
0.03767738115996581
0.038006485787492786
0.038141807248085385
0.03881944295983922
0.038686245097699065
0.039269712064445045
0.03777021815455737
0.03771465239331046
0.038349420334674506
0.0388916856479962
0.03837726188003653
0.03926013774172461
0.03826416477893581
0.04060235825243035
0.037818238216998
0.03725358863977235
0.036664875933073014
0.03640136202122776
0.03746282472898219
0.0372078208284076
0.03604771197158643
0.03741614257048077
0.03802435134668503
0.03586633418164929
0.036442192086912836
0.038198492531788364
0.03634066000295861
0.036839113439454556
0.036848921910116676
0.036431384228343355
0.037935902329298825
0.0376877377307379
0.03557119077367588
0.03491752657770012
