8.84
8.99
9.59
9.99
12.56
16.82
34.33
48.69
56.97
65.19
68.57
71.31
73.12
75.42
77.67
79.17
79.1
80.61
81.09
81.91
83.44
83.34
84.62
84.95
85.86
86.2
86.73
87.4
87.36
88.11
88.39
88.29
89.29
89.82
89.54
89.67
90.16
90.45
90.63
90.83
90.84
90.97
91.16
91.33
91.58
91.68
91.52
91.84
91.92
92.2
92.33
92.15
92.53
92.53
92.51
92.74
92.7
92.9
92.97
92.96
93.0
93.14
93.0
93.29
93.27
93.31
93.44
93.55
93.65
93.61
93.76
93.74
93.77
93.76
93.8
94.04
94.12
93.92
94.26
93.93
94.18
94.2
94.31
94.22
94.21
94.44
94.36
94.47
94.55
94.55
94.51
94.58
94.68
94.66
94.81
94.8
94.75
94.86
94.91
95.0
94.91
94.95
94.97
94.9
94.87
94.97
95.08
95.06
95.18
95.19
95.11
95.28
95.28
95.28
95.32
95.33
95.34
95.35
95.43
95.33
95.5
95.52
95.48
95.44
95.48
95.56
95.54
95.47
95.51
95.67
95.69
95.73
95.67
95.67
95.84
95.7
95.81
95.76
95.76
95.79
95.73
95.9
95.87
95.96
95.99
95.87
95.91
95.98
95.97
96.06
96.0
96.11
96.04
96.13
96.08
96.12
96.14
96.09
96.18
96.21
96.21
96.18
96.22
96.33
96.27
96.33
96.31
96.34
96.33
96.37
96.44
96.41
96.43
96.45
96.38
96.4
96.49
96.41
96.47
96.45
96.56
96.62
96.55
96.61
96.58
96.57
96.58
96.55
96.64
96.6
96.52
96.64
96.58
96.56
96.65
96.66
96.61
96.7
96.73
96.79
96.84
96.79
96.8
96.81
96.78
96.81
96.85
96.75
96.79
96.89
96.93
96.8
96.88
96.92
96.9
96.91
96.91
96.8
96.88
96.94
96.93
96.84
96.89
96.91
96.95
97.0
97.03
97.05
96.99
97.05
97.1
97.16
96.99
96.96
97.08
97.02
97.06
97.01
97.06
97.1
97.11
97.11
97.04
97.07
97.16
97.17
97.06
97.12
97.16
97.16
97.2
97.19
97.18
97.17
97.12
97.18
97.19
97.22
97.22
97.18
97.2
97.19
97.26
97.29
97.24
97.24
97.28
97.27
97.29
97.32
97.37
97.35
97.38
97.36
97.34
97.33
97.26
97.37
97.39
97.36
97.34
97.33
97.35
97.29
97.33
97.38
97.38
97.33
97.37
97.38
97.38
97.37
97.33
97.44
97.43
97.42
97.3
97.43
97.49
97.41
