2.290775508117676
2.2780397327423096
2.263826184463501
2.245202630996704
2.2237135875701903
2.1922392726898194
2.152088826751709
2.090914954376221
2.0107661125183105
1.897200229072571
1.7547086893081665
1.5973262378692628
1.4355793575286866
1.2808889499664307
1.1568034123420716
1.0463766571998596
0.9460809955596924
0.8754153241157532
0.8141958880424499
0.7550153350830078
0.7053266713619232
0.6718445625782012
0.6271749997615814
0.5924218555450439
0.5633854885101318
0.5345767074584961
0.5216486894607544
0.49836280055046084
0.4815875850200653
0.4606753127098083
0.4419484831809998
0.43544793479442595
0.4133664868354797
0.40733600170612333
0.3971283743619919
0.3866255936384201
0.37591056509017945
0.36327193183898926
0.3533666747331619
0.34674394085407256
0.3440049253463745
0.32972038896083833
0.32604670073986053
0.3185578530550003
0.30808294413089754
0.30643137817382815
0.3031061361551285
0.29634745112657546
0.29395616526603696
0.2869018634080887
0.28189631308317187
0.2829234529852867
0.2717484308242798
0.2661635932803154
0.26528340240716936
0.26195828132629395
0.25829771531820295
0.25358306460380553
0.24938299239873887
0.24662893254756926
0.24314604222774505
0.241420736348629
0.24115724868774413
0.23557036945819854
0.23374356089830398
0.23251102806329726
0.22774851583242417
0.22588017345070838
0.2206651933193207
0.2207981465756893
0.21875972025990487
0.21489774352312088
0.2128334798514843
0.2115803397357464
0.20978756779432298
0.2064522869169712
0.20404001275897027
0.20514087985754012
0.2000726069509983
0.1990603659570217
0.19667193319797516
0.19586899464130403
0.19491047819256782
0.19580402573347092
0.19409565185308456
0.190158383500576
0.19062170749902727
0.18592550979852676
0.1853677661538124
0.18267326352000238
0.1833248025715351
0.18080163035988808
0.17988489507436753
0.17732536859214307
0.1791381956934929
0.17434468007981777
0.17459559003710748
0.17335000550150872
0.17192252216935158
0.1704610580831766
0.17001562862694264
0.17080391944646836
0.16661364175379276
0.16690951741039753
0.1668513130605221
0.1630068750679493
0.16252801460921765
0.16267186598479746
0.16056662931442262
0.16058103985786437
0.16155482284724712
0.15775594553947447
0.1550866886526346
0.15576827864944934
0.15488615380823612
0.15219640626013278
0.15092235726714134
0.14963308973163367
0.1494644558817148
0.14929602698087693
0.1483447765082121
0.14948663462996484
0.14592712286412715
0.14595818476676942
0.14591914925873278
0.14216514511704445
0.14253107003569604
0.14176547776162624
0.14035419510155916
0.14122447443902492
0.14057286342978478
0.13926061755418778
0.1389311387374997
0.13647754353284836
0.1362133257612586
0.13727820058763027
0.13517001169025897
0.1362357785180211
0.13401238405555488
0.13442004620134831
0.13271268961280586
0.13152185590714216
0.1302567973703146
0.13001324458122254
0.1282891050413251
0.13083288625627756
0.129366274702549
0.12829359681010247
0.12710343299508095
0.12628550647348166
0.1277995245233178
0.12477964027822018
0.12592019667625426
0.12549216809719801
0.12415979000926018
0.122621739295125
0.12190315881222487
0.12231193287223578
0.11961445543766022
0.12026316425949335
0.11869022565037012
0.11944920094460248
0.11849740818142891
0.11715201485306025
0.11722786763012409
0.11615203845649957
0.1161175059467554
0.11570165515467525
0.11525955053195357
0.11454177570194006
0.11452069029137492
0.11456096155196428
0.11365530206114054
0.11321454709917307
0.11426653236448765
0.11252011849284171
0.111996616923064
0.11163918847367167
0.11088867864832282
0.1123317286208272
0.11072486104592681
0.10866724993363022
0.10952838450968265
0.10958631014749408
0.10923040218353272
0.10868735586032272
0.10826970711126924
0.10780294401347637
0.10798272588551044
0.10695227250158787
0.1071307385109365
0.10695283059105277
0.10615751155242324
0.1074908315770328
0.10600497250184417
0.10617610204294324
0.10475035025700927
0.10421728123500944
0.10290846496745944
0.10402875019311905
0.10349964834377169
0.10324288606643676
0.10302740890532731
0.10251351588144898
0.10237935574352741
0.10189852360337973
0.10154841052591801
0.10113818392679096
0.10127684366703034
0.09914853014722466
0.10016467528566718
0.10043211714662612
0.09994445259645582
0.09981570436358451
0.09917609162926674
0.09916295468509197
0.09807491338923574
0.09827900868058205
0.0974633559051901
0.09670983294025064
0.09684208974950015
0.09702017051875592
0.09622559442482889
0.09548255036622286
0.09628501467779278
0.09559024609439075
0.09425748769640922
0.09540192897319794
0.09572249615341424
0.09518707376495003
0.09346461606994272
0.09277549018785357
0.09471236485615372
0.09453676979653537
0.09302078848592937
0.09273199296630918
0.09288535028137267
0.09256230001673102
0.09273014401122928
0.09291405288688838
0.09142896294370294
0.09161816017702222
0.09204041655808687
0.09224023145511746
0.09062847200669348
0.09112809058576822
0.09141399218440056
0.09162592079266905
0.09004562491998076
0.09006855888813733
0.08919772260412574
0.08839730242863297
0.08925706007555127
0.09030710782930255
0.08894398537762463
0.08825241238474846
0.08882478750757873
0.0871035246476531
0.0880869993083179
0.08754036258757114
0.08798332493156194
0.0880702578008175
0.08739907227791846
0.08780937723889946
0.08695769151486456
0.08715898348279297
0.0864530270151794
0.0847540111579001
0.08515659888237714
0.08493958283476531
0.08438575034216046
0.08572813904620707
0.08572502874769271
0.08490612050443888
0.0853484516762197
0.08423833587393165
0.08527449600957335
0.08427408780418337
0.08431940359696746
0.08418978049196303
0.08482744852863253
0.08495319336168468
0.08363107720538974
0.0836748866032809
0.08405704003423452
0.08345531122982502
0.08258306878618896
0.08234303038157523
0.08244940819181502
0.08173530314154923
0.08187287207953632
0.08214096124619245
0.08286417510434985
0.08203991503790022
0.08123197791278362
0.08173514674566686
0.0815861949980259
0.07991138528883457
0.0797071495845914
0.08060359610579908
