28.13
59.35
79.48
86.42
89.58
91.02
91.89
92.67
93.14
93.57
93.93
94.22
94.44
94.8
94.83
95.04
95.2
95.43
95.61
95.58
95.78
95.89
95.91
96.0
96.03
96.18
96.18
96.3
96.35
96.44
96.51
96.56
96.56
96.58
96.62
96.75
96.84
96.77
96.73
96.76
96.83
96.93
96.88
97.05
97.1
97.01
97.0
97.08
97.11
97.16
97.2
97.16
97.24
97.28
97.19
97.27
97.29
97.24
97.33
97.39
97.45
97.45
97.28
97.46
97.39
97.44
97.51
97.45
97.55
97.43
97.48
97.63
97.55
97.56
97.54
97.63
97.71
97.7
97.67
97.66
97.65
97.73
97.73
97.81
97.76
97.79
97.73
97.74
97.76
97.8
97.81
97.87
97.92
97.84
97.97
97.82
97.94
97.95
97.89
97.93
97.89
97.96
97.91
97.9
98.0
97.98
97.96
97.99
97.98
98.08
98.02
98.06
98.05
98.14
98.08
98.2
98.08
98.11
98.1
98.07
98.18
98.12
98.16
98.28
98.14
98.21
98.23
98.19
98.17
98.15
98.21
98.21
98.25
98.33
98.33
98.28
98.31
98.24
98.33
98.2
98.2
98.23
98.29
98.27
98.31
98.32
98.39
98.35
98.4
98.36
98.33
98.33
98.34
98.36
98.38
98.37
98.44
98.46
98.44
98.41
98.44
98.5
98.44
98.5
98.48
98.42
98.48
98.54
98.49
98.45
98.5
98.45
98.51
98.55
98.57
98.56
98.51
98.58
98.56
98.51
98.54
98.55
98.57
98.6
98.62
98.64
98.52
98.56
98.62
98.61
98.59
98.52
98.62
98.63
98.59
98.52
98.59
98.55
98.57
98.54
98.53
98.58
98.63
98.6
98.59
98.6
98.66
98.56
98.6
98.68
98.58
98.55
98.64
98.63
98.6
98.62
98.59
98.65
98.69
98.66
98.69
98.6
98.62
98.65
98.68
98.74
98.64
98.66
98.66
98.69
98.62
98.69
98.67
98.63
98.7
98.73
98.68
98.66
98.64
98.69
98.7
98.72
98.69
98.67
98.72
98.74
98.74
98.68
98.73
98.75
98.79
98.73
98.76
98.76
98.73
98.7
98.75
98.7
98.69
98.69
98.68
98.78
98.72
98.69
98.69
98.67
98.78
98.75
98.73
98.66
98.77
98.75
98.71
98.75
98.79
98.82
98.75
98.77
98.8
98.78
98.78
98.76
98.82
98.81
98.73
98.75
98.76
98.75
98.79
98.75
98.73
98.74
98.77
98.75
98.7
98.73
98.74
98.74
98.8
98.77
