2.252093476867676
2.006803490829468
1.1366708780288697
0.640993027305603
0.4707377410888672
0.3774274766921997
0.3143559237718582
0.2749603297948837
0.24879424579143525
0.23182724912166597
0.2112450148463249
0.19893849334716796
0.1843869146823883
0.17793898795843124
0.1689348752617836
0.1645882957279682
0.1576868905007839
0.15094426038861275
0.14546552031338214
0.14356617026031018
0.1367203434497118
0.13409042703211307
0.13197175093889235
0.12913981671780347
0.12525147028714417
0.12108849094957114
0.11987608627676964
0.1191323337227106
0.11576953351646661
0.11338821084797382
0.10975995586365461
0.10850115143284202
0.10764794678986073
0.10587235332131385
0.10544510833770036
0.10281830817013979
0.10106353393569589
0.10005770725905895
0.09906668701544404
0.10076399824023247
0.09701049962118267
0.0956961155179888
0.09426002257764339
0.09343492496907711
0.09333474060893059
0.09035022324994206
0.09039308207966387
0.08935765411555767
0.08910477789789438
0.08707091615274548
0.08620076667182147
0.08684067809991539
0.08566930815689265
0.08527388792298735
0.08352830413021148
0.08391910237371922
0.08435968416929245
0.08290543423444033
0.08177051662169398
0.08091769218426198
0.07915638347975909
0.07993771912809461
0.07928702296130359
0.07858675895351916
0.07799173871856183
0.07767332463525235
0.07729369100090117
0.0776444899559021
0.07585668347459286
0.07542006586063653
0.07372165483031422
0.07467866397742182
0.07581881819348782
0.07384537794431671
0.07229957787021994
0.07211835320750251
0.07000687932027504
0.07075265110656619
0.07047040006322786
0.07024368376862258
0.06979605323635042
0.06908073326162995
0.06898700432060287
0.0679645507266745
0.06865406736433506
0.06797461747415363
0.0699849479785189
0.06740059435721486
0.06712575836367905
0.067301637609303
0.0663135140195489
0.06586981225535274
0.06516540084620938
0.0647364582138136
0.06372243178626523
0.06436410098429769
0.06391875737383962
0.06360106966635212
0.062775766211655
0.06337900898568333
0.06261922544064
0.06292153382878751
0.06219685443369672
0.06260704571129755
0.06168220691531896
0.06292380754984915
0.06144357889005914
0.06093046628814191
0.0609400789052248
0.06006451448053122
0.05980141896046698
0.05943103187195957
0.059482477213954554
0.05840358547559008
0.05931451150588691
0.05757210840564221
0.05863974745231681
0.05765404604878276
0.058193015950825065
0.058051353660319
0.057111325651407245
0.05804541900628246
0.05784085686332546
0.055757610587868836
0.0573557940678671
0.056284409232018516
0.05554342103688978
0.05658237049221061
0.05734205279182643
0.05638843827759847
0.056191526775015516
0.05538212390979752
0.055318618063558825
0.055282184052001686
0.053952187628112734
0.05418636219496839
0.054118895491561854
0.054329115726565944
0.05398353154384531
0.05526181952310726
0.05426411888105795
0.05333166392641142
0.053048956417618316
0.05447025472610258
0.05327460506297648
0.05381256907051429
0.05305941493450664
0.05275051119537093
0.051819399184570646
0.051676582505228
0.05134071166987997
0.051975968844559975
0.05223793918532319
0.05176469614156522
0.05167945620426908
0.052090456327120775
0.051012055835686625
0.05070856655347161
0.05060529315555468
0.05085042719086632
0.05081713793266099
0.05059460334798787
0.04968588345367461
0.049700147648900746
0.05033580141554121
0.05080113959286828
0.05040443061618134
0.04981908098994754
0.04931877544014714
0.04980401390083134
0.04966785811213777
0.05001680309739895
0.047976981193269604
0.04771052067787387
0.04859268577510956
0.048107054596976374
0.048722946765786035
0.04826706439747941
0.04834211530901957
0.04892023936582263
0.0479317007542355
0.04728995598300826
0.04704154934217222
0.04815297782041598
0.048012095135264096
0.04771427924169693
0.04927047713117208
0.04815072023728863
0.046483551319199616
0.04586423428100534
0.046187632032600234
0.047111104059638455
0.0462051353872288
0.04662830086995382
0.04682778737777844
0.04682005611127243
0.0457537736964412
0.04709584404218476
0.046327299509290605
0.04677171244858764
0.04718238032399677
0.04662196709818672
0.04624155104209203
0.04748434574643615
0.04610319768874906
0.04575474687453825
0.046321646681800485
0.04660927491823677
0.04606688451286173
0.04535891501652077
0.04728432566589909
0.04572256635469384
0.04378669820919167
0.04523989194870228
0.04609618570575258
0.045648762228991835
0.04565581752264407
0.045370305149187336
0.04463473219596781
0.04527776463315822
0.04420202007039916
0.04543972294824198
0.045895327237364836
0.04408915634318255
0.04468578014569357
0.043546447183866986
0.04533662250234047
0.04449755646977574
0.04418448740032036
0.04539095655558631
0.04425480911091436
0.04492030605971813
0.04472790929987095
0.04317844005352817
0.043000265690917146
0.04275172247570008
0.042992544353671835
0.043511503216659184
0.04320539752473124
0.04408942230360117
0.043390380246122365
0.0431377157567651
0.042945709961513055
0.042822940154676324
0.04262272117516259
0.04233879082298372
0.042448919375124385
0.04200092307275627
0.043344739467219916
0.04275489110647468
0.042523740652541164
0.042819353126036006
0.04207705313080223
0.042247087273385844
0.04213409122389276
0.04215731989480555
0.042141922342334874
0.041290668439818545
0.04131397654262837
0.042616599301376845
0.04289961246442981
0.042008666198258285
0.041759034896141384
0.0419107235880103
0.04207278470242163
0.04204575099814683
0.040653510872879994
0.041860751650191375
0.04193651765920222
0.04302887595377397
0.04119009702759795
0.040506347678019666
0.04191859535942785
0.041732706896821035
0.040196899795834906
0.041703380834055136
0.041522180665796625
0.04118607723234454
0.040652394255646505
0.04014043654517736
0.03978846418452449
0.04006289704388473
0.039765167630813086
0.039731427433073986
0.03981043517362559
0.0406080531979911
0.039457588779076465
0.040532761771453076
0.03983917664932087
0.03963259678049944
0.04144374828428845
0.040066433815658095
0.04017988921788056
0.03998740537945996
0.04071252943185391
0.04063655572438147
0.039971016200527086
0.03896390470721526
0.039908925175317564
0.039993447048589585
